{
 "cells": [
  {
   "cell_type": "code",
   "id": "initial_id",
   "metadata": {
    "collapsed": true,
    "ExecuteTime": {
     "end_time": "2024-07-04T10:19:20.690661Z",
     "start_time": "2024-07-04T10:19:19.974242Z"
    }
   },
   "source": [
    "from quant_met import plotting, mean_field, utils\n",
    "import numpy as np\n",
    "import time\n",
    "import matplotlib.pyplot as plt\n",
    "import pandas as pd"
   ],
   "outputs": [],
   "execution_count": 1
  },
  {
   "metadata": {
    "ExecuteTime": {
     "end_time": "2024-07-04T10:19:20.696156Z",
     "start_time": "2024-07-04T10:19:20.691787Z"
    }
   },
   "cell_type": "code",
   "source": [
    "lattice_constant = np.sqrt(3)\n",
    "all_K_points = 4 * np.pi / (3 * lattice_constant) * np.array([\n",
    "    (np.sin(i * np.pi / 6), np.cos(i * np.pi / 6)) for i in [1, 3, 5, 7, 9, 11]]\n",
    ")\n",
    "\n",
    "egx_h = mean_field.EGXHamiltonian(hopping_gr=1, hopping_x=0.01, hopping_x_gr_a=1, lattice_constant=lattice_constant, mu=0, coloumb_gr=1, coloumb_x=1)\n",
    "\n",
    "for N_k in [2]:\n",
    "    BZ_grid = utils.generate_uniform_grid(N_k, N_k, all_K_points[1], all_K_points[5], origin=np.array([0, 0]))\n",
    "    print(mean_field.free_energy_complex_gap(delta_vector=np.array([1, 2, 1, 2, 1, 2]), hamiltonian=egx_h, k_points=BZ_grid))"
   ],
   "id": "11a1512dba2712b9",
   "outputs": [
    {
     "name": "stdout",
     "output_type": "stream",
     "text": [
      "[1.+2.j 1.+2.j 1.+2.j]\n",
      "None\n"
     ]
    }
   ],
   "execution_count": 2
  },
  {
   "metadata": {
    "ExecuteTime": {
     "end_time": "2024-06-24T14:44:30.121922Z",
     "start_time": "2024-06-24T14:44:30.111454Z"
    }
   },
   "cell_type": "code",
   "source": "delta_grid = utils.generate_uniform_grid(20, 20, np.array([0, 4]), np.array([4, 0]), np.array([0, 0]))",
   "id": "8e61655fa61469c8",
   "outputs": [],
   "execution_count": 2
  },
  {
   "metadata": {
    "ExecuteTime": {
     "end_time": "2024-06-11T12:25:06.084660Z",
     "start_time": "2024-06-11T12:25:02.421482Z"
    }
   },
   "cell_type": "code",
   "source": [
    "free_energy_list = []\n",
    "\n",
    "lattice_constant = np.sqrt(3)\n",
    "graphene_h = hamiltonians.GrapheneHamiltonian(t_nn=1, a=lattice_constant, mu=1, coulomb_gr=4)\n",
    "\n",
    "all_K_points = 4 * np.pi / (3 * lattice_constant) * np.array([\n",
    "    (np.sin(i * np.pi / 6), np.cos(i * np.pi / 6)) for i in [1, 3, 5, 7, 9, 11]]\n",
    ")\n",
    "BZ_grid = utils.generate_uniform_grid(20, 20, all_K_points[1], all_K_points[5], origin=np.array([0, 0]))\n",
    "\n",
    "for delta in delta_grid:\n",
    "    free_energy_list.append(minimize_free_energy.free_energy(delta, 100, graphene_h, BZ_grid))"
   ],
   "id": "66483426d45922ab",
   "outputs": [
    {
     "name": "stdout",
     "output_type": "stream",
     "text": [
      "[[1. 0. 0. 0.]\n",
      " [0. 1. 0. 0.]\n",
      " [0. 0. 1. 0.]\n",
      " [0. 0. 0. 1.]]\n",
      "[[ 1.00000000e+00  1.60245081e-16 -9.36750677e-17 -1.11022302e-16]\n",
      " [ 1.60245081e-16  1.00000000e+00 -3.46944695e-17 -2.77555756e-17]\n",
      " [-9.36750677e-17 -3.46944695e-17  1.00000000e+00  5.55111512e-16]\n",
      " [-1.11022302e-16 -2.77555756e-17  5.55111512e-16  1.00000000e+00]]\n",
      "[[ 1.00000000e+00 -1.04083409e-16  2.08166817e-17 -6.93889390e-17]\n",
      " [-1.04083409e-16  1.00000000e+00  1.38777878e-17 -1.38777878e-17]\n",
      " [ 2.08166817e-17  1.38777878e-17  1.00000000e+00 -2.77555756e-16]\n",
      " [-6.93889390e-17 -1.38777878e-17 -2.77555756e-16  1.00000000e+00]]\n",
      "[[1.00000000e+00 6.24500451e-17 1.59594560e-16 4.16333634e-17]\n",
      " [6.24500451e-17 1.00000000e+00 2.91433544e-16 1.24900090e-16]\n",
      " [1.59594560e-16 2.91433544e-16 1.00000000e+00 1.11022302e-16]\n",
      " [4.16333634e-17 1.24900090e-16 1.11022302e-16 1.00000000e+00]]\n",
      "[[ 1.00000000e+00 -4.85722573e-17  8.32667268e-17  1.38777878e-17]\n",
      " [-4.85722573e-17  1.00000000e+00 -4.16333634e-17 -1.52936823e-56]\n",
      " [ 8.32667268e-17 -4.16333634e-17  1.00000000e+00 -2.77555756e-16]\n",
      " [ 1.38777878e-17 -1.52936823e-56 -2.77555756e-16  1.00000000e+00]]\n",
      "[[ 1.00000000e+00 -1.80411242e-16  1.38777878e-17  9.71445147e-17]\n",
      " [-1.80411242e-16  1.00000000e+00 -2.77555756e-17  8.32667268e-17]\n",
      " [ 1.38777878e-17 -2.77555756e-17  1.00000000e+00 -4.44089210e-16]\n",
      " [ 9.71445147e-17  8.32667268e-17 -4.44089210e-16  1.00000000e+00]]\n",
      "[[ 1.00000000e+00 -1.52655666e-16 -4.16333634e-17 -4.16333634e-17]\n",
      " [-1.52655666e-16  1.00000000e+00 -1.11022302e-16 -8.32667268e-17]\n",
      " [-4.16333634e-17 -1.11022302e-16  1.00000000e+00 -2.77555756e-16]\n",
      " [-4.16333634e-17 -8.32667268e-17 -2.77555756e-16  1.00000000e+00]]\n",
      "[[ 1.00000000e+00  2.01227923e-16  6.93889390e-17 -2.08166817e-16]\n",
      " [ 2.01227923e-16  1.00000000e+00  2.77555756e-17 -1.01957882e-56]\n",
      " [ 6.93889390e-17  2.77555756e-17  1.00000000e+00  2.77555756e-16]\n",
      " [-2.08166817e-16 -1.01957882e-56  2.77555756e-16  1.00000000e+00]]\n",
      "[[ 1.00000000e+00 -2.49800181e-16 -1.38777878e-17  6.93889390e-17]\n",
      " [-2.49800181e-16  1.00000000e+00 -5.55111512e-17 -5.55111512e-17]\n",
      " [-1.38777878e-17 -5.55111512e-17  1.00000000e+00 -5.55111512e-17]\n",
      " [ 6.93889390e-17 -5.55111512e-17 -5.55111512e-17  1.00000000e+00]]\n",
      "[[ 1.00000000e+00 -6.93889390e-17 -1.66533454e-16  5.55111512e-17]\n",
      " [-6.93889390e-17  1.00000000e+00  1.11022302e-16  2.22044605e-16]\n",
      " [-1.66533454e-16  1.11022302e-16  1.00000000e+00 -3.88578059e-16]\n",
      " [ 5.55111512e-17  2.22044605e-16 -3.88578059e-16  1.00000000e+00]]\n",
      "[[ 1.00000000e+00  2.08166817e-16  2.35922393e-16  1.94289029e-16]\n",
      " [ 2.08166817e-16  1.00000000e+00  1.66533454e-16  3.33066907e-16]\n",
      " [ 2.35922393e-16  1.66533454e-16  1.00000000e+00 -2.77555756e-16]\n",
      " [ 1.94289029e-16  3.33066907e-16 -2.77555756e-16  1.00000000e+00]]\n",
      "[[ 1.00000000e+00  8.32667268e-17  1.94289029e-16  2.77555756e-16]\n",
      " [ 8.32667268e-17  1.00000000e+00 -2.77555756e-16  5.55111512e-17]\n",
      " [ 1.94289029e-16 -2.77555756e-16  1.00000000e+00 -2.77555756e-16]\n",
      " [ 2.77555756e-16  5.55111512e-17 -2.77555756e-16  1.00000000e+00]]\n",
      "[[ 1.00000000e+00  4.16333634e-16 -9.71445147e-17  2.77555756e-17]\n",
      " [ 4.16333634e-16  1.00000000e+00 -2.77555756e-17  2.77555756e-16]\n",
      " [-9.71445147e-17 -2.77555756e-17  1.00000000e+00 -2.77555756e-16]\n",
      " [ 2.77555756e-17  2.77555756e-16 -2.77555756e-16  1.00000000e+00]]\n",
      "[[ 1.00000000e+00 -1.24900090e-16  1.52655666e-16  5.55111512e-17]\n",
      " [-1.24900090e-16  1.00000000e+00  1.11022302e-16 -2.22044605e-16]\n",
      " [ 1.52655666e-16  1.11022302e-16  1.00000000e+00  1.11022302e-16]\n",
      " [ 5.55111512e-17 -2.22044605e-16  1.11022302e-16  1.00000000e+00]]\n",
      "[[ 1.00000000e+00  8.32667268e-17 -5.55111512e-17 -1.38777878e-16]\n",
      " [ 8.32667268e-17  1.00000000e+00  3.88578059e-16 -1.11022302e-16]\n",
      " [-5.55111512e-17  3.88578059e-16  1.00000000e+00  2.77555756e-16]\n",
      " [-1.38777878e-16 -1.11022302e-16  2.77555756e-16  1.00000000e+00]]\n",
      "[[ 1.00000000e+00  4.16333634e-17 -3.33066907e-16  5.55111512e-17]\n",
      " [ 4.16333634e-17  1.00000000e+00 -1.11022302e-16  5.55111512e-17]\n",
      " [-3.33066907e-16 -1.11022302e-16  1.00000000e+00 -1.11022302e-16]\n",
      " [ 5.55111512e-17  5.55111512e-17 -1.11022302e-16  1.00000000e+00]]\n",
      "[[ 1.00000000e+00  1.52655666e-16  1.11022302e-16 -1.11022302e-16]\n",
      " [ 1.52655666e-16  1.00000000e+00 -2.77555756e-17  5.55111512e-17]\n",
      " [ 1.11022302e-16 -2.77555756e-17  1.00000000e+00 -2.77555756e-16]\n",
      " [-1.11022302e-16  5.55111512e-17 -2.77555756e-16  1.00000000e+00]]\n",
      "[[ 1.00000000e+00  1.52655666e-16  1.52655666e-16 -5.55111512e-17]\n",
      " [ 1.52655666e-16  1.00000000e+00 -1.38777878e-16 -1.01957882e-56]\n",
      " [ 1.52655666e-16 -1.38777878e-16  1.00000000e+00  5.55111512e-17]\n",
      " [-5.55111512e-17 -1.01957882e-56  5.55111512e-17  1.00000000e+00]]\n",
      "[[ 1.00000000e+00  1.24900090e-16  2.91433544e-16  2.77555756e-16]\n",
      " [ 1.24900090e-16  1.00000000e+00  8.32667268e-17  3.88578059e-16]\n",
      " [ 2.91433544e-16  8.32667268e-17  1.00000000e+00 -2.22044605e-16]\n",
      " [ 2.77555756e-16  3.88578059e-16 -2.22044605e-16  1.00000000e+00]]\n",
      "[[ 1.00000000e+00 -2.77555756e-16 -9.71445147e-17 -3.33066907e-16]\n",
      " [-2.77555756e-16  1.00000000e+00  2.77555756e-16 -1.11022302e-16]\n",
      " [-9.71445147e-17  2.77555756e-16  1.00000000e+00  4.44089210e-16]\n",
      " [-3.33066907e-16 -1.11022302e-16  4.44089210e-16  1.00000000e+00]]\n",
      "[[ 1.00000000e+00  4.77048956e-17 -1.38777878e-17 -3.46944695e-17]\n",
      " [ 4.77048956e-17  1.00000000e+00 -7.63278329e-17 -7.28583860e-17]\n",
      " [-1.38777878e-17 -7.63278329e-17  1.00000000e+00  1.66533454e-16]\n",
      " [-3.46944695e-17 -7.28583860e-17  1.66533454e-16  1.00000000e+00]]\n",
      "[[ 1.00000000e+00 -3.31765865e-17  1.04083409e-17  6.93889390e-17]\n",
      " [-3.31765865e-17  1.00000000e+00  5.20417043e-17  6.76542156e-17]\n",
      " [ 1.04083409e-17  5.20417043e-17  1.00000000e+00  2.22044605e-16]\n",
      " [ 6.93889390e-17  6.76542156e-17  2.22044605e-16  1.00000000e+00]]\n",
      "[[ 1.00000000e+00 -3.03251348e-16  4.25007252e-17  3.12250226e-17]\n",
      " [-3.03251348e-16  1.00000000e+00 -5.55111512e-17 -9.71445147e-17]\n",
      " [ 4.25007252e-17 -5.55111512e-17  1.00000000e+00 -1.11022302e-16]\n",
      " [ 3.12250226e-17 -9.71445147e-17 -1.11022302e-16  1.00000000e+00]]\n",
      "[[ 1.00000000e+00 -1.72604986e-16 -6.93889390e-18  2.08166817e-17]\n",
      " [-1.72604986e-16  1.00000000e+00  1.11022302e-16  9.71445147e-17]\n",
      " [-6.93889390e-18  1.11022302e-16  1.00000000e+00  2.22044605e-16]\n",
      " [ 2.08166817e-17  9.71445147e-17  2.22044605e-16  1.00000000e+00]]\n",
      "[[ 1.00000000e+00  2.37657116e-16  9.71445147e-17  3.46944695e-17]\n",
      " [ 2.37657116e-16  1.00000000e+00  2.63677968e-16  1.38777878e-16]\n",
      " [ 9.71445147e-17  2.63677968e-16  1.00000000e+00 -4.99600361e-16]\n",
      " [ 3.46944695e-17  1.38777878e-16 -4.99600361e-16  1.00000000e+00]]\n",
      "[[ 1.00000000e+00 -2.42861287e-17 -4.85722573e-17  2.77555756e-17]\n",
      " [-2.42861287e-17  1.00000000e+00 -5.55111512e-17  3.77331652e-41]\n",
      " [-4.85722573e-17 -5.55111512e-17  1.00000000e+00  1.66533454e-16]\n",
      " [ 2.77555756e-17  3.77331652e-41  1.66533454e-16  1.00000000e+00]]\n",
      "[[ 1.00000000e+00 -2.01227923e-16 -4.16333634e-17  2.49800181e-16]\n",
      " [-2.01227923e-16  1.00000000e+00 -8.32667268e-17  1.94289029e-16]\n",
      " [-4.16333634e-17 -8.32667268e-17  1.00000000e+00 -2.77555756e-16]\n",
      " [ 2.49800181e-16  1.94289029e-16 -2.77555756e-16  1.00000000e+00]]\n",
      "[[ 1.00000000e+00  3.12250226e-16 -1.52655666e-16 -1.52655666e-16]\n",
      " [ 3.12250226e-16  1.00000000e+00  1.11022302e-16  1.66533454e-16]\n",
      " [-1.52655666e-16  1.11022302e-16  1.00000000e+00  4.44089210e-16]\n",
      " [-1.52655666e-16  1.66533454e-16  4.44089210e-16  1.00000000e+00]]\n",
      "[[ 1.00000000e+00  4.16333634e-17  1.66533454e-16  1.66533454e-16]\n",
      " [ 4.16333634e-17  1.00000000e+00 -8.32667268e-17  1.69863235e-41]\n",
      " [ 1.66533454e-16 -8.32667268e-17  1.00000000e+00 -2.22044605e-16]\n",
      " [ 1.66533454e-16  1.69863235e-41 -2.22044605e-16  1.00000000e+00]]\n",
      "[[ 1.00000000e+00 -9.71445147e-17  8.32667268e-17  1.11022302e-16]\n",
      " [-9.71445147e-17  1.00000000e+00 -1.66533454e-16 -1.66533454e-16]\n",
      " [ 8.32667268e-17 -1.66533454e-16  1.00000000e+00 -1.11022302e-16]\n",
      " [ 1.11022302e-16 -1.66533454e-16 -1.11022302e-16  1.00000000e+00]]\n",
      "[[ 1.00000000e+00 -3.40005801e-16  2.08166817e-16  9.71445147e-17]\n",
      " [-3.40005801e-16  1.00000000e+00 -2.77555756e-17 -1.66533454e-16]\n",
      " [ 2.08166817e-16 -2.77555756e-17  1.00000000e+00 -1.33825423e-40]\n",
      " [ 9.71445147e-17 -1.66533454e-16 -1.33825423e-40  1.00000000e+00]]\n",
      "[[ 1.00000000e+00  2.08166817e-16 -1.38777878e-16 -2.77555756e-17]\n",
      " [ 2.08166817e-16  1.00000000e+00  2.49800181e-16  1.66533454e-16]\n",
      " [-1.38777878e-16  2.49800181e-16  1.00000000e+00  1.11022302e-16]\n",
      " [-2.77555756e-17  1.66533454e-16  1.11022302e-16  1.00000000e+00]]\n",
      "[[ 1.00000000e+00 -4.16333634e-17 -2.77555756e-16 -1.94289029e-16]\n",
      " [-4.16333634e-17  1.00000000e+00 -1.12557844e-40 -5.55111512e-17]\n",
      " [-2.77555756e-16 -1.12557844e-40  1.00000000e+00  7.21644966e-16]\n",
      " [-1.94289029e-16 -5.55111512e-17  7.21644966e-16  1.00000000e+00]]\n",
      "[[ 1.00000000e+00 -2.77555756e-17  8.32667268e-17 -1.38777878e-16]\n",
      " [-2.77555756e-17  1.00000000e+00  1.66533454e-16  1.66533454e-16]\n",
      " [ 8.32667268e-17  1.66533454e-16  1.00000000e+00 -2.22044605e-16]\n",
      " [-1.38777878e-16  1.66533454e-16 -2.22044605e-16  1.00000000e+00]]\n",
      "[[ 1.00000000e+00  1.80411242e-16  2.77555756e-16 -2.77555756e-17]\n",
      " [ 1.80411242e-16  1.00000000e+00  1.94289029e-16  5.55111512e-17]\n",
      " [ 2.77555756e-16  1.94289029e-16  1.00000000e+00 -8.30686902e-41]\n",
      " [-2.77555756e-17  5.55111512e-17 -8.30686902e-41  1.00000000e+00]]\n",
      "[[ 1.00000000e+00 -8.32667268e-17 -6.93889390e-17  0.00000000e+00]\n",
      " [-8.32667268e-17  1.00000000e+00 -8.32667268e-17 -2.22044605e-16]\n",
      " [-6.93889390e-17 -8.32667268e-17  1.00000000e+00  2.77555756e-16]\n",
      " [ 0.00000000e+00 -2.22044605e-16  2.77555756e-16  1.00000000e+00]]\n",
      "[[ 1.00000000e+00  1.38777878e-16 -8.32667268e-17  8.32667268e-17]\n",
      " [ 1.38777878e-16  1.00000000e+00 -2.77555756e-16  5.55111512e-17]\n",
      " [-8.32667268e-17 -2.77555756e-16  1.00000000e+00 -5.55111512e-17]\n",
      " [ 8.32667268e-17  5.55111512e-17 -5.55111512e-17  1.00000000e+00]]\n",
      "[[ 1.00000000e+00  1.52655666e-16 -2.49800181e-16 -8.32667268e-17]\n",
      " [ 1.52655666e-16  1.00000000e+00  1.11022302e-16  5.55111512e-17]\n",
      " [-2.49800181e-16  1.11022302e-16  1.00000000e+00  1.66533454e-16]\n",
      " [-8.32667268e-17  5.55111512e-17  1.66533454e-16  1.00000000e+00]]\n",
      "[[ 1.00000000e+00 -4.16333634e-17  5.55111512e-17 -1.66533454e-16]\n",
      " [-4.16333634e-17  1.00000000e+00 -1.94289029e-16 -5.55111512e-17]\n",
      " [ 5.55111512e-17 -1.94289029e-16  1.00000000e+00  2.77555756e-16]\n",
      " [-1.66533454e-16 -5.55111512e-17  2.77555756e-16  1.00000000e+00]]\n",
      "[[ 1.00000000e+00  8.32667268e-17 -4.16333634e-17 -5.55111512e-17]\n",
      " [ 8.32667268e-17  1.00000000e+00  5.55111512e-17  5.55111512e-17]\n",
      " [-4.16333634e-17  5.55111512e-17  1.00000000e+00 -1.66533454e-16]\n",
      " [-5.55111512e-17  5.55111512e-17 -1.66533454e-16  1.00000000e+00]]\n",
      "[[ 1.00000000e+00  5.03937170e-16  1.11022302e-16  2.77555756e-17]\n",
      " [ 5.03937170e-16  1.00000000e+00  1.04083409e-16 -6.24500451e-17]\n",
      " [ 1.11022302e-16  1.04083409e-16  1.00000000e+00  6.66133815e-16]\n",
      " [ 2.77555756e-17 -6.24500451e-17  6.66133815e-16  1.00000000e+00]]\n",
      "[[ 1.00000000e+00  4.12213666e-16  6.24500451e-17  6.24500451e-17]\n",
      " [ 4.12213666e-16  1.00000000e+00  2.94902991e-17  3.81639165e-17]\n",
      " [ 6.24500451e-17  2.94902991e-17  1.00000000e+00 -1.11022302e-16]\n",
      " [ 6.24500451e-17  3.81639165e-17 -1.11022302e-16  1.00000000e+00]]\n",
      "[[ 1.00000000e+00 -1.84748050e-16 -3.81639165e-17  2.77555756e-17]\n",
      " [-1.84748050e-16  1.00000000e+00  4.85722573e-17  1.04083409e-16]\n",
      " [-3.81639165e-17  4.85722573e-17  1.00000000e+00 -4.99600361e-16]\n",
      " [ 2.77555756e-17  1.04083409e-16 -4.99600361e-16  1.00000000e+00]]\n",
      "[[ 1.00000000e+00 -1.21647484e-16 -1.94289029e-16 -1.45716772e-16]\n",
      " [-1.21647484e-16  1.00000000e+00 -1.45716772e-16 -2.35922393e-16]\n",
      " [-1.94289029e-16 -1.45716772e-16  1.00000000e+00  2.22044605e-16]\n",
      " [-1.45716772e-16 -2.35922393e-16  2.22044605e-16  1.00000000e+00]]\n",
      "[[ 1.00000000e+00  5.42534767e-16 -2.42861287e-17 -9.88792381e-17]\n",
      " [ 5.42534767e-16  1.00000000e+00  1.11022302e-16  1.38777878e-17]\n",
      " [-2.42861287e-17  1.11022302e-16  1.00000000e+00 -1.46600190e-38]\n",
      " [-9.88792381e-17  1.38777878e-17 -1.46600190e-38  1.00000000e+00]]\n",
      "[[1.00000000e+00 2.35922393e-16 9.71445147e-17 6.24500451e-17]\n",
      " [2.35922393e-16 1.00000000e+00 1.80411242e-16 1.38777878e-17]\n",
      " [9.71445147e-17 1.80411242e-16 1.00000000e+00 1.66533454e-16]\n",
      " [6.24500451e-17 1.38777878e-17 1.66533454e-16 1.00000000e+00]]\n",
      "[[ 1.00000000e+00 -3.38271078e-16  6.24500451e-17  2.28983499e-16]\n",
      " [-3.38271078e-16  1.00000000e+00  8.32667268e-17 -1.94289029e-16]\n",
      " [ 6.24500451e-17  8.32667268e-17  1.00000000e+00  1.11022302e-16]\n",
      " [ 2.28983499e-16 -1.94289029e-16  1.11022302e-16  1.00000000e+00]]\n",
      "[[ 1.00000000e+00  1.80411242e-16  1.17961196e-16  6.93889390e-17]\n",
      " [ 1.80411242e-16  1.00000000e+00  2.22044605e-16  3.88578059e-16]\n",
      " [ 1.17961196e-16  2.22044605e-16  1.00000000e+00 -3.88578059e-16]\n",
      " [ 6.93889390e-17  3.88578059e-16 -3.88578059e-16  1.00000000e+00]]\n",
      "[[ 1.00000000e+00  2.35922393e-16 -1.38777878e-17 -2.77555756e-17]\n",
      " [ 2.35922393e-16  1.00000000e+00  1.38777878e-16  8.32667268e-17]\n",
      " [-1.38777878e-17  1.38777878e-16  1.00000000e+00  1.66533454e-16]\n",
      " [-2.77555756e-17  8.32667268e-17  1.66533454e-16  1.00000000e+00]]\n",
      "[[ 1.00000000e+00 -4.85722573e-17  2.77555756e-17  0.00000000e+00]\n",
      " [-4.85722573e-17  1.00000000e+00 -3.05311332e-16 -1.94289029e-16]\n",
      " [ 2.77555756e-17 -3.05311332e-16  1.00000000e+00 -1.11022302e-16]\n",
      " [ 0.00000000e+00 -1.94289029e-16 -1.11022302e-16  1.00000000e+00]]\n",
      "[[ 1.00000000e+00  1.04083409e-16 -2.63677968e-16 -3.19189120e-16]\n",
      " [ 1.04083409e-16  1.00000000e+00 -1.66533454e-16  5.55111512e-17]\n",
      " [-2.63677968e-16 -1.66533454e-16  1.00000000e+00  1.66533454e-16]\n",
      " [-3.19189120e-16  5.55111512e-17  1.66533454e-16  1.00000000e+00]]\n",
      "[[ 1.00000000e+00 -1.73472348e-16  2.49800181e-16 -5.55111512e-17]\n",
      " [-1.73472348e-16  1.00000000e+00 -5.55111512e-17  5.65613155e-41]\n",
      " [ 2.49800181e-16 -5.55111512e-17  1.00000000e+00 -2.22044605e-16]\n",
      " [-5.55111512e-17  5.65613155e-41 -2.22044605e-16  1.00000000e+00]]\n",
      "[[ 1.00000000e+00  0.00000000e+00 -1.24900090e-16 -1.38777878e-17]\n",
      " [ 0.00000000e+00  1.00000000e+00  2.49800181e-16  2.77555756e-16]\n",
      " [-1.24900090e-16  2.49800181e-16  1.00000000e+00 -2.77555756e-16]\n",
      " [-1.38777878e-17  2.77555756e-16 -2.77555756e-16  1.00000000e+00]]\n",
      "[[ 1.00000000e+00  9.71445147e-17  1.94289029e-16  2.49800181e-16]\n",
      " [ 9.71445147e-17  1.00000000e+00 -1.38777878e-16 -5.55111512e-17]\n",
      " [ 1.94289029e-16 -1.38777878e-16  1.00000000e+00 -1.66533454e-16]\n",
      " [ 2.49800181e-16 -5.55111512e-17 -1.66533454e-16  1.00000000e+00]]\n",
      "[[ 1.00000000e+00 -5.55111512e-17 -9.71445147e-17  1.11022302e-16]\n",
      " [-5.55111512e-17  1.00000000e+00 -1.11022302e-16  3.64948691e-41]\n",
      " [-9.71445147e-17 -1.11022302e-16  1.00000000e+00 -3.88578059e-16]\n",
      " [ 1.11022302e-16  3.64948691e-41 -3.88578059e-16  1.00000000e+00]]\n",
      "[[ 1.00000000e+00 -4.16333634e-17  1.52655666e-16 -5.55111512e-17]\n",
      " [-4.16333634e-17  1.00000000e+00  1.38777878e-16  1.11022302e-16]\n",
      " [ 1.52655666e-16  1.38777878e-16  1.00000000e+00  1.11022302e-16]\n",
      " [-5.55111512e-17  1.11022302e-16  1.11022302e-16  1.00000000e+00]]\n",
      "[[ 1.00000000e+00 -5.55111512e-17 -8.32667268e-17  1.38777878e-16]\n",
      " [-5.55111512e-17  1.00000000e+00  2.77555756e-17  2.22044605e-16]\n",
      " [-8.32667268e-17  2.77555756e-17  1.00000000e+00 -8.32667268e-16]\n",
      " [ 1.38777878e-16  2.22044605e-16 -8.32667268e-16  1.00000000e+00]]\n",
      "[[ 1.00000000e+00 -8.32667268e-17 -1.66533454e-16 -1.66533454e-16]\n",
      " [-8.32667268e-17  1.00000000e+00 -2.77555756e-17  2.77555756e-16]\n",
      " [-1.66533454e-16 -2.77555756e-17  1.00000000e+00  2.22044605e-16]\n",
      " [-1.66533454e-16  2.77555756e-16  2.22044605e-16  1.00000000e+00]]\n",
      "[[ 1.00000000e+00 -1.94289029e-16 -1.38777878e-16  2.77555756e-17]\n",
      " [-1.94289029e-16  1.00000000e+00 -2.22044605e-16 -3.33066907e-16]\n",
      " [-1.38777878e-16 -2.22044605e-16  1.00000000e+00 -2.22044605e-16]\n",
      " [ 2.77555756e-17 -3.33066907e-16 -2.22044605e-16  1.00000000e+00]]\n",
      "[[ 1.00000000e+00  1.94289029e-16  2.22044605e-16 -1.38777878e-16]\n",
      " [ 1.94289029e-16  1.00000000e+00  3.05311332e-16  2.22044605e-16]\n",
      " [ 2.22044605e-16  3.05311332e-16  1.00000000e+00 -2.77555756e-16]\n",
      " [-1.38777878e-16  2.22044605e-16 -2.77555756e-16  1.00000000e+00]]\n",
      "[[ 1.00000000e+00 -2.60208521e-17  9.71445147e-17 -2.77555756e-17]\n",
      " [-2.60208521e-17  1.00000000e+00 -6.93889390e-17  1.17961196e-16]\n",
      " [ 9.71445147e-17 -6.93889390e-17  1.00000000e+00 -2.77555756e-16]\n",
      " [-2.77555756e-17  1.17961196e-16 -2.77555756e-16  1.00000000e+00]]\n",
      "[[ 1.00000000e+00 -9.71445147e-17 -2.77555756e-17 -1.38777878e-17]\n",
      " [-9.71445147e-17  1.00000000e+00  6.93889390e-17 -1.04083409e-17]\n",
      " [-2.77555756e-17  6.93889390e-17  1.00000000e+00  1.66533454e-16]\n",
      " [-1.38777878e-17 -1.04083409e-17  1.66533454e-16  1.00000000e+00]]\n",
      "[[ 1.00000000e+00 -5.58364119e-17 -3.46944695e-17 -6.93889390e-18]\n",
      " [-5.58364119e-17  1.00000000e+00  1.82145965e-17 -2.16840434e-17]\n",
      " [-3.46944695e-17  1.82145965e-17  1.00000000e+00 -1.66533454e-16]\n",
      " [-6.93889390e-18 -2.16840434e-17 -1.66533454e-16  1.00000000e+00]]\n",
      "[[ 1.00000000e+00 -8.67361738e-17 -1.11022302e-16  2.08166817e-17]\n",
      " [-8.67361738e-17  1.00000000e+00 -8.32667268e-17  6.93889390e-18]\n",
      " [-1.11022302e-16 -8.32667268e-17  1.00000000e+00 -7.48911481e-40]\n",
      " [ 2.08166817e-17  6.93889390e-18 -7.48911481e-40  1.00000000e+00]]\n",
      "[[ 1.00000000e+00 -1.69569220e-16 -4.16333634e-17  4.51028104e-17]\n",
      " [-1.69569220e-16  1.00000000e+00  1.80411242e-16 -4.16333634e-17]\n",
      " [-4.16333634e-17  1.80411242e-16  1.00000000e+00  3.33066907e-16]\n",
      " [ 4.51028104e-17 -4.16333634e-17  3.33066907e-16  1.00000000e+00]]\n",
      "[[ 1.00000000e+00  2.53161207e-17 -3.12250226e-17 -2.16840434e-17]\n",
      " [ 2.53161207e-17  1.00000000e+00  1.11022302e-16 -1.66533454e-16]\n",
      " [-3.12250226e-17  1.11022302e-16  1.00000000e+00  4.44089210e-16]\n",
      " [-2.16840434e-17 -1.66533454e-16  4.44089210e-16  1.00000000e+00]]\n",
      "[[1.00000000e+00 8.93382590e-17 1.17961196e-16 6.24500451e-17]\n",
      " [8.93382590e-17 1.00000000e+00 5.55111512e-17 5.55111512e-17]\n",
      " [1.17961196e-16 5.55111512e-17 1.00000000e+00 4.44089210e-16]\n",
      " [6.24500451e-17 5.55111512e-17 4.44089210e-16 1.00000000e+00]]\n",
      "[[ 1.00000000e+00  6.33174069e-16  6.93889390e-17 -1.24900090e-16]\n",
      " [ 6.33174069e-16  1.00000000e+00  2.49800181e-16  5.55111512e-17]\n",
      " [ 6.93889390e-17  2.49800181e-16  1.00000000e+00  4.44089210e-16]\n",
      " [-1.24900090e-16  5.55111512e-17  4.44089210e-16  1.00000000e+00]]\n",
      "[[ 1.00000000e+00 -1.24900090e-16 -9.02056208e-17 -1.17961196e-16]\n",
      " [-1.24900090e-16  1.00000000e+00 -8.32667268e-17 -1.38777878e-16]\n",
      " [-9.02056208e-17 -8.32667268e-17  1.00000000e+00  3.33066907e-16]\n",
      " [-1.17961196e-16 -1.38777878e-16  3.33066907e-16  1.00000000e+00]]\n",
      "[[ 1.00000000e+00  2.32452946e-16  1.80411242e-16  1.66533454e-16]\n",
      " [ 2.32452946e-16  1.00000000e+00  1.38777878e-16  1.11022302e-16]\n",
      " [ 1.80411242e-16  1.38777878e-16  1.00000000e+00 -4.44089210e-16]\n",
      " [ 1.66533454e-16  1.11022302e-16 -4.44089210e-16  1.00000000e+00]]\n",
      "[[ 1.00000000e+00  3.33066907e-16  9.71445147e-17  1.11022302e-16]\n",
      " [ 3.33066907e-16  1.00000000e+00  2.49800181e-16  2.49800181e-16]\n",
      " [ 9.71445147e-17  2.49800181e-16  1.00000000e+00 -2.77555756e-16]\n",
      " [ 1.11022302e-16  2.49800181e-16 -2.77555756e-16  1.00000000e+00]]\n",
      "[[1.00000000e+00 2.77555756e-16 5.55111512e-17 1.52655666e-16]\n",
      " [2.77555756e-16 1.00000000e+00 1.66533454e-16 1.11022302e-16]\n",
      " [5.55111512e-17 1.66533454e-16 1.00000000e+00 5.55111512e-17]\n",
      " [1.52655666e-16 1.11022302e-16 5.55111512e-17 1.00000000e+00]]\n",
      "[[ 1.00000000e+00  5.55111512e-17  4.16333634e-17 -6.93889390e-17]\n",
      " [ 5.55111512e-17  1.00000000e+00  2.77555756e-17  1.66533454e-16]\n",
      " [ 4.16333634e-17  2.77555756e-17  1.00000000e+00 -5.61690768e-40]\n",
      " [-6.93889390e-17  1.66533454e-16 -5.61690768e-40  1.00000000e+00]]\n",
      "[[ 1.00000000e+00 -1.94289029e-16  9.71445147e-17  2.49800181e-16]\n",
      " [-1.94289029e-16  1.00000000e+00 -1.94289029e-16  1.21035173e-40]\n",
      " [ 9.71445147e-17 -1.94289029e-16  1.00000000e+00 -7.21644966e-16]\n",
      " [ 2.49800181e-16  1.21035173e-40 -7.21644966e-16  1.00000000e+00]]\n",
      "[[ 1.00000000e+00 -1.38777878e-16 -1.38777878e-17  1.24900090e-16]\n",
      " [-1.38777878e-16  1.00000000e+00  8.32667268e-17 -2.22044605e-16]\n",
      " [-1.38777878e-17  8.32667268e-17  1.00000000e+00 -3.84595148e-40]\n",
      " [ 1.24900090e-16 -2.22044605e-16 -3.84595148e-40  1.00000000e+00]]\n",
      "[[ 1.00000000e+00  1.38777878e-17  9.71445147e-17  1.66533454e-16]\n",
      " [ 1.38777878e-17  1.00000000e+00 -3.33066907e-16 -3.88578059e-16]\n",
      " [ 9.71445147e-17 -3.33066907e-16  1.00000000e+00 -5.55111512e-17]\n",
      " [ 1.66533454e-16 -3.88578059e-16 -5.55111512e-17  1.00000000e+00]]\n",
      "[[ 1.00000000e+00  1.66533454e-16  5.55111512e-17 -2.77555756e-16]\n",
      " [ 1.66533454e-16  1.00000000e+00  3.05311332e-16  1.11022302e-16]\n",
      " [ 5.55111512e-17  3.05311332e-16  1.00000000e+00 -2.22044605e-16]\n",
      " [-2.77555756e-16  1.11022302e-16 -2.22044605e-16  1.00000000e+00]]\n",
      "[[ 1.00000000e+00  2.35922393e-16  2.08166817e-16 -2.49800181e-16]\n",
      " [ 2.35922393e-16  1.00000000e+00  3.33066907e-16  2.77555756e-16]\n",
      " [ 2.08166817e-16  3.33066907e-16  1.00000000e+00 -5.55111512e-16]\n",
      " [-2.49800181e-16  2.77555756e-16 -5.55111512e-16  1.00000000e+00]]\n",
      "[[ 1.00000000e+00  2.49800181e-16 -5.55111512e-17 -2.22044605e-16]\n",
      " [ 2.49800181e-16  1.00000000e+00  1.11022302e-16  2.22044605e-16]\n",
      " [-5.55111512e-17  1.11022302e-16  1.00000000e+00  5.55111512e-17]\n",
      " [-2.22044605e-16  2.22044605e-16  5.55111512e-17  1.00000000e+00]]\n",
      "[[ 1.00000000e+00 -4.57966998e-16 -3.88578059e-16 -1.66533454e-16]\n",
      " [-4.57966998e-16  1.00000000e+00 -2.77555756e-17 -3.88578059e-16]\n",
      " [-3.88578059e-16 -2.77555756e-17  1.00000000e+00  5.55111512e-17]\n",
      " [-1.66533454e-16 -3.88578059e-16  5.55111512e-17  1.00000000e+00]]\n",
      "[[ 1.00000000e+00 -5.72458747e-16 -2.22044605e-16 -9.71445147e-17]\n",
      " [-5.72458747e-16  1.00000000e+00 -1.80411242e-16 -2.77555756e-17]\n",
      " [-2.22044605e-16 -1.80411242e-16  1.00000000e+00 -6.66133815e-16]\n",
      " [-9.71445147e-17 -2.77555756e-17 -6.66133815e-16  1.00000000e+00]]\n",
      "[[ 1.00000000e+00 -8.84708973e-17  8.32667268e-17 -5.55111512e-17]\n",
      " [-8.84708973e-17  1.00000000e+00 -1.52655666e-16 -1.24900090e-16]\n",
      " [ 8.32667268e-17 -1.52655666e-16  1.00000000e+00  3.33066907e-16]\n",
      " [-5.55111512e-17 -1.24900090e-16  3.33066907e-16  1.00000000e+00]]\n",
      "[[ 1.00000000e+00 -2.48499138e-16  0.00000000e+00 -2.77555756e-17]\n",
      " [-2.48499138e-16  1.00000000e+00  2.42861287e-17  1.73472348e-17]\n",
      " [ 0.00000000e+00  2.42861287e-17  1.00000000e+00 -5.55111512e-17]\n",
      " [-2.77555756e-17  1.73472348e-17 -5.55111512e-17  1.00000000e+00]]\n",
      "[[ 1.00000000e+00 -8.67361738e-18  1.38777878e-17 -9.71445147e-17]\n",
      " [-8.67361738e-18  1.00000000e+00 -6.59194921e-17 -9.02056208e-17]\n",
      " [ 1.38777878e-17 -6.59194921e-17  1.00000000e+00 -3.88578059e-16]\n",
      " [-9.71445147e-17 -9.02056208e-17 -3.88578059e-16  1.00000000e+00]]\n",
      "[[ 1.00000000e+00 -3.75567633e-16 -3.46944695e-17  9.71445147e-17]\n",
      " [-3.75567633e-16  1.00000000e+00 -1.04083409e-16  1.59594560e-16]\n",
      " [-3.46944695e-17 -1.04083409e-16  1.00000000e+00 -4.99600361e-16]\n",
      " [ 9.71445147e-17  1.59594560e-16 -4.99600361e-16  1.00000000e+00]]\n",
      "[[ 1.00000000e+00 -6.67868538e-17  1.52655666e-16  1.49186219e-16]\n",
      " [-6.67868538e-17  1.00000000e+00  1.66533454e-16  2.22044605e-16]\n",
      " [ 1.52655666e-16  1.66533454e-16  1.00000000e+00 -2.77555756e-16]\n",
      " [ 1.49186219e-16  2.22044605e-16 -2.77555756e-16  1.00000000e+00]]\n",
      "[[ 1.00000000e+00 -1.74773390e-16  1.26634814e-16  1.24900090e-16]\n",
      " [-1.74773390e-16  1.00000000e+00 -3.60822483e-16 -5.55111512e-17]\n",
      " [ 1.26634814e-16 -3.60822483e-16  1.00000000e+00  1.66533454e-16]\n",
      " [ 1.24900090e-16 -5.55111512e-17  1.66533454e-16  1.00000000e+00]]\n",
      "[[ 1.00000000e+00 -3.00540842e-16 -5.20417043e-17  3.12250226e-17]\n",
      " [-3.00540842e-16  1.00000000e+00 -2.55728113e-38 -2.77555756e-17]\n",
      " [-5.20417043e-17 -2.55728113e-38  1.00000000e+00 -2.22044605e-16]\n",
      " [ 3.12250226e-17 -2.77555756e-17 -2.22044605e-16  1.00000000e+00]]\n",
      "[[ 1.00000000e+00 -4.28476699e-16 -2.98372438e-16 -7.28583860e-17]\n",
      " [-4.28476699e-16  1.00000000e+00 -2.49800181e-16 -4.16333634e-16]\n",
      " [-2.98372438e-16 -2.49800181e-16  1.00000000e+00  1.66533454e-16]\n",
      " [-7.28583860e-17 -4.16333634e-16  1.66533454e-16  1.00000000e+00]]\n",
      "[[ 1.00000000e+00  7.63278329e-17  2.22044605e-16  6.93889390e-18]\n",
      " [ 7.63278329e-17  1.00000000e+00 -1.85727401e-39 -8.32667268e-17]\n",
      " [ 2.22044605e-16 -1.85727401e-39  1.00000000e+00 -5.55111512e-17]\n",
      " [ 6.93889390e-18 -8.32667268e-17 -5.55111512e-17  1.00000000e+00]]\n",
      "[[ 1.00000000e+00  5.89805982e-17 -4.85722573e-17 -1.38777878e-17]\n",
      " [ 5.89805982e-17  1.00000000e+00 -1.11022302e-16 -5.55111512e-17]\n",
      " [-4.85722573e-17 -1.11022302e-16  1.00000000e+00  1.11022302e-16]\n",
      " [-1.38777878e-17 -5.55111512e-17  1.11022302e-16  1.00000000e+00]]\n",
      "[[ 1.00000000e+00  8.32667268e-17 -1.04083409e-16 -2.49800181e-16]\n",
      " [ 8.32667268e-17  1.00000000e+00 -9.51167813e-40 -2.77555756e-16]\n",
      " [-1.04083409e-16 -9.51167813e-40  1.00000000e+00  2.77555756e-16]\n",
      " [-2.49800181e-16 -2.77555756e-16  2.77555756e-16  1.00000000e+00]]\n",
      "[[ 1.00000000e+00 -2.63677968e-16 -2.22044605e-16 -1.38777878e-17]\n",
      " [-2.63677968e-16  1.00000000e+00 -2.49800181e-16 -6.66133815e-16]\n",
      " [-2.22044605e-16 -2.49800181e-16  1.00000000e+00  3.33066907e-16]\n",
      " [-1.38777878e-17 -6.66133815e-16  3.33066907e-16  1.00000000e+00]]\n",
      "[[ 1.00000000e+00  1.11022302e-16  5.55111512e-17  1.38777878e-16]\n",
      " [ 1.11022302e-16  1.00000000e+00 -6.77797625e-40 -5.55111512e-17]\n",
      " [ 5.55111512e-17 -6.77797625e-40  1.00000000e+00  6.10622664e-16]\n",
      " [ 1.38777878e-16 -5.55111512e-17  6.10622664e-16  1.00000000e+00]]\n",
      "[[ 1.00000000e+00  1.80411242e-16  2.35922393e-16  1.11022302e-16]\n",
      " [ 1.80411242e-16  1.00000000e+00  8.32667268e-17 -2.22044605e-16]\n",
      " [ 2.35922393e-16  8.32667268e-17  1.00000000e+00  4.99600361e-16]\n",
      " [ 1.11022302e-16 -2.22044605e-16  4.99600361e-16  1.00000000e+00]]\n",
      "[[ 1.00000000e+00 -3.05311332e-16  0.00000000e+00  1.24900090e-16]\n",
      " [-3.05311332e-16  1.00000000e+00 -1.66533454e-16  1.11022302e-16]\n",
      " [ 0.00000000e+00 -1.66533454e-16  1.00000000e+00 -2.77555756e-16]\n",
      " [ 1.24900090e-16  1.11022302e-16 -2.77555756e-16  1.00000000e+00]]\n",
      "[[ 1.00000000e+00  0.00000000e+00 -5.55111512e-17  8.32667268e-17]\n",
      " [ 0.00000000e+00  1.00000000e+00 -1.66533454e-16  1.11022302e-16]\n",
      " [-5.55111512e-17 -1.66533454e-16  1.00000000e+00 -2.77555756e-16]\n",
      " [ 8.32667268e-17  1.11022302e-16 -2.77555756e-16  1.00000000e+00]]\n",
      "[[ 1.00000000e+00 -3.88578059e-16 -1.38777878e-16  5.55111512e-17]\n",
      " [-3.88578059e-16  1.00000000e+00 -3.88578059e-16  1.43402501e-40]\n",
      " [-1.38777878e-16 -3.88578059e-16  1.00000000e+00  1.66533454e-16]\n",
      " [ 5.55111512e-17  1.43402501e-40  1.66533454e-16  1.00000000e+00]]\n",
      "[[ 1.00000000e+00  5.55111512e-17  5.55111512e-17 -3.33066907e-16]\n",
      " [ 5.55111512e-17  1.00000000e+00 -1.11022302e-16  1.11022302e-16]\n",
      " [ 5.55111512e-17 -1.11022302e-16  1.00000000e+00  5.55111512e-17]\n",
      " [-3.33066907e-16  1.11022302e-16  5.55111512e-17  1.00000000e+00]]\n",
      "[[ 1.00000000e+00  1.11022302e-16  4.16333634e-17  8.32667268e-17]\n",
      " [ 1.11022302e-16  1.00000000e+00 -5.55111512e-17 -2.77555756e-16]\n",
      " [ 4.16333634e-17 -5.55111512e-17  1.00000000e+00  2.77555756e-16]\n",
      " [ 8.32667268e-17 -2.77555756e-16  2.77555756e-16  1.00000000e+00]]\n",
      "[[ 1.00000000e+00 -3.71230824e-16 -5.55111512e-17 -2.77555756e-17]\n",
      " [-3.71230824e-16  1.00000000e+00  8.32667268e-17  1.38777878e-16]\n",
      " [-5.55111512e-17  8.32667268e-17  1.00000000e+00 -5.55111512e-17]\n",
      " [-2.77555756e-17  1.38777878e-16 -5.55111512e-17  1.00000000e+00]]\n",
      "[[ 1.00000000e+00  3.01841885e-16  1.11022302e-16 -1.11022302e-16]\n",
      " [ 3.01841885e-16  1.00000000e+00 -2.15105711e-16 -8.32667268e-17]\n",
      " [ 1.11022302e-16 -2.15105711e-16  1.00000000e+00  1.39144682e-39]\n",
      " [-1.11022302e-16 -8.32667268e-17  1.39144682e-39  1.00000000e+00]]\n"
     ]
    },
    {
     "ename": "KeyboardInterrupt",
     "evalue": "",
     "output_type": "error",
     "traceback": [
      "\u001B[0;31m---------------------------------------------------------------------------\u001B[0m",
      "\u001B[0;31mKeyboardInterrupt\u001B[0m                         Traceback (most recent call last)",
      "Cell \u001B[0;32mIn[3], line 12\u001B[0m\n\u001B[1;32m      9\u001B[0m BZ_grid \u001B[38;5;241m=\u001B[39m utils\u001B[38;5;241m.\u001B[39mgenerate_uniform_grid(\u001B[38;5;241m20\u001B[39m, \u001B[38;5;241m20\u001B[39m, all_K_points[\u001B[38;5;241m1\u001B[39m], all_K_points[\u001B[38;5;241m5\u001B[39m], origin\u001B[38;5;241m=\u001B[39mnp\u001B[38;5;241m.\u001B[39marray([\u001B[38;5;241m0\u001B[39m, \u001B[38;5;241m0\u001B[39m]))\n\u001B[1;32m     11\u001B[0m \u001B[38;5;28;01mfor\u001B[39;00m delta \u001B[38;5;129;01min\u001B[39;00m delta_grid:\n\u001B[0;32m---> 12\u001B[0m     free_energy_list\u001B[38;5;241m.\u001B[39mappend(\u001B[43mminimize_free_energy\u001B[49m\u001B[38;5;241;43m.\u001B[39;49m\u001B[43mfree_energy\u001B[49m\u001B[43m(\u001B[49m\u001B[43mdelta\u001B[49m\u001B[43m,\u001B[49m\u001B[43m \u001B[49m\u001B[38;5;241;43m100\u001B[39;49m\u001B[43m,\u001B[49m\u001B[43m \u001B[49m\u001B[43mgraphene_h\u001B[49m\u001B[43m,\u001B[49m\u001B[43m \u001B[49m\u001B[43mBZ_grid\u001B[49m\u001B[43m)\u001B[49m)\n",
      "File \u001B[0;32m~/Projects/quant-met/src/quant_met/minimize_free_energy.py:18\u001B[0m, in \u001B[0;36mfree_energy\u001B[0;34m(delta_vector, beta, hamiltonian, k_points)\u001B[0m\n\u001B[1;32m     11\u001B[0m \u001B[38;5;28;01mdef\u001B[39;00m \u001B[38;5;21mfree_energy\u001B[39m(\n\u001B[1;32m     12\u001B[0m     delta_vector: npt\u001B[38;5;241m.\u001B[39mNDArray[np\u001B[38;5;241m.\u001B[39mfloat64],\n\u001B[1;32m     13\u001B[0m     beta: \u001B[38;5;28mfloat\u001B[39m,\n\u001B[1;32m     14\u001B[0m     hamiltonian: BaseHamiltonian,\n\u001B[1;32m     15\u001B[0m     k_points: npt\u001B[38;5;241m.\u001B[39mNDArray[np\u001B[38;5;241m.\u001B[39mfloat64],\n\u001B[1;32m     16\u001B[0m ) \u001B[38;5;241m-\u001B[39m\u001B[38;5;241m>\u001B[39m \u001B[38;5;28mfloat\u001B[39m:\n\u001B[1;32m     17\u001B[0m     number_k_points \u001B[38;5;241m=\u001B[39m \u001B[38;5;28mlen\u001B[39m(k_points)\n\u001B[0;32m---> 18\u001B[0m     bdg_energies, bdg_vectors \u001B[38;5;241m=\u001B[39m \u001B[43mhamiltonian\u001B[49m\u001B[38;5;241;43m.\u001B[39;49m\u001B[43mdiagonalize_bdg\u001B[49m\u001B[43m(\u001B[49m\u001B[43mk_points\u001B[49m\u001B[43m,\u001B[49m\u001B[43m \u001B[49m\u001B[43mdelta_vector\u001B[49m\u001B[43m)\u001B[49m\n\u001B[1;32m     19\u001B[0m     \u001B[38;5;66;03m# print(np.real(np.matmul(bdg_vectors, np.matmul(np.diagflat(np.abs(bdg_energies)), np.conjugate(bdg_vectors).T))))\u001B[39;00m\n\u001B[1;32m     20\u001B[0m     \u001B[38;5;66;03m# print(np.matmul(np.diagflat(np.abs(bdg_energies)), np.conjugate(bdg_vectors).T))\u001B[39;00m\n\u001B[1;32m     21\u001B[0m     \u001B[38;5;66;03m# print(range(number_k_points))\u001B[39;00m\n\u001B[1;32m     22\u001B[0m     \u001B[38;5;66;03m# print([np.matmul(np.diagflat(np.abs(bdg_energies[k_index]), np.conjugate(bdg_vectors[k_index]).T)) for k_index in range(number_k_points)])\u001B[39;00m\n\u001B[1;32m     23\u001B[0m     \u001B[38;5;66;03m# print([np.matmul(np.diagflat(np.abs(bdg_energies[k_index]), np.conjugate(bdg_vectors[k_index]).T)) for k_index in range(number_k_points)])\u001B[39;00m\n\u001B[1;32m     24\u001B[0m     \u001B[38;5;28mprint\u001B[39m(np\u001B[38;5;241m.\u001B[39mreal(bdg_vectors[\u001B[38;5;241m1\u001B[39m] \u001B[38;5;241m@\u001B[39m np\u001B[38;5;241m.\u001B[39mconjugate(bdg_vectors[\u001B[38;5;241m1\u001B[39m]\u001B[38;5;241m.\u001B[39mT)))\n",
